year_mode,1,2,3,4,5,6,7,8
"(1690, 1700]",0.0,0.0,0.0,0.0,0.0,0.3082165846270352,0.33510034078000756,0.3566830745929572
"(1700, 1710]",0.0,0.0,0.0,0.0,1.0,0.0,0.0,0.0
"(1710, 1720]",0.0,0.0,0.0,0.0,0.0,0.0,0.0,1.0
"(1740, 1750]",0.0,0.0,0.0,0.32819383259911894,0.0,0.0,0.44273127753303965,0.2290748898678414
"(1750, 1760]",1.0,0.0,0.0,0.0,0.0,0.0,0.0,0.0
"(1760, 1770]",0.0,0.0,0.0,0.0,0.0,0.0,0.0,1.0
"(1770, 1780]",0.0,0.0,0.0,0.0,0.0,0.0,1.0,0.0
"(1780, 1790]",0.0,0.0,0.0,0.22711267605633803,0.14964788732394366,0.23591549295774647,0.14788732394366197,0.23943661971830985
"(1790, 1800]",0.011987381703470032,0.016529968454258675,0.008033648790746582,0.1974342797055731,0.06553101997896951,0.2253627760252366,0.20277602523659305,0.2723449001051525
"(1800, 1810]",0.0,0.0,0.0,0.42637540453074435,0.061488673139158574,0.5121359223300971,0.0,0.0
"(1810, 1820]",0.0,0.0,0.0,0.19934102141680396,0.0,0.5403624382207578,0.2602965403624382,0.0
"(1820, 1830]",0.0,0.0,0.0,0.1820580474934037,0.0,0.38522427440633245,0.0,0.43271767810026385
"(1830, 1840]",0.03157063930544594,0.0,0.038279400157853194,0.11562746645619573,0.09155485398579322,0.17087608524072612,0.27742699289660616,0.27466456195737965
"(1840, 1850]",0.0044169843565137375,0.0077560141974497175,0.005153148415932693,0.05232023136584724,0.08749835677665309,0.2358091231760221,0.08263441566977783,0.5244117260418036
"(1850, 1860]",0.0,0.04578665367754506,0.0,0.06867998051631759,0.10228933268387726,0.1763273258645884,0.22406234778373113,0.3828543594739406
"(1860, 1870]",0.0,0.0,0.0,0.17853435748391114,0.06082624039858833,0.3479343990035292,0.22794270292713306,0.18476230018683829
"(1870, 1880]",0.005078442829293332,0.005040217990793274,0.008868162532013302,0.22735587870712676,0.10213130778093892,0.21729728549039737,0.116569375351532,0.3176593293179051
"(1880, 1890]",0.004539677923128964,0.002917912759782753,0.010426084812311505,0.11282174493079837,0.12469572144839752,0.2508203665884763,0.19303747447221503,0.3007410170648896
"(1890, 1900]",0.005749226742324353,0.004226086318328306,0.007923346324430921,0.10903574152055662,0.10418833455402399,0.28056749296615763,0.14914410064590203,0.33916567092827615
"(1900, 1910]",0.015862734638929107,0.00364499987299652,0.0011430313190581422,0.045784754502273366,0.06094897000177805,0.3201884731641647,0.18510757194747135,0.36731946455332876
"(1910, 1920]",0.005112113104173918,0.0023036393250097644,0.012230278907750802,0.07435414402661275,0.0931446138149277,0.36397767037498574,0.1518674889268548,0.29701005151968457
"(1920, 1930]",0.010516289726277056,0.0027511151996945133,0.005365542499088747,0.06819858365299498,0.06957414125284224,0.4559040494332876,0.1084347282731328,0.27925554996268204
"(1930, 1940]",0.010911285891332336,0.002280119841655002,0.007269511368513089,0.0341035338849472,0.04274873761174994,0.5371096021722302,0.09717481720939,0.2684023920201822
"(1940, 1950]",0.020771984642636618,0.006015885698171735,0.009122688737879497,0.04052457486066385,0.05582359452411784,0.4915247644777508,0.10102052888581324,0.2751959781729664
"(1950, 1960]",0.030785566312306254,0.013577075989337993,0.008076228505273812,0.04677857846824332,0.05757807887436554,0.5125516607105925,0.08456007662596202,0.2460927345139185
"(1960, 1970]",0.0454291995313018,0.02298041947572409,0.01226360760122155,0.06510749657413391,0.09685461953408221,0.44445055524237714,0.10466421929209462,0.20824988274906467
"(1970, 1980]",0.05285645518082738,0.03182484621772777,0.03672677097648987,0.23393462140531643,0.18591394807046424,0.1810919459979863,0.13125923244824317,0.14639217970294482
"(1980, 1990]",0.05887886227082003,0.0293429616584175,0.02810412467104558,0.23558430945069564,0.18825255124413143,0.11988914780098314,0.15244580981416145,0.1875022330897452
"(1990, 2000]",0.07454695487691329,0.04813754278888716,0.041885337591169046,0.21402423445196944,0.1460994927955788,0.1176840217367189,0.1425153531858979,0.21510706257286547
"(2000, 2010]",0.1120309876385615,0.062278522542109235,0.03842725951049836,0.24408656992463917,0.14614003238083464,0.061227271755837184,0.13958646566597604,0.19622289058154385
"(2010, 2020]",0.2260871158002711,0.06682052972854159,0.018811591017327912,0.11746712092903983,0.0927208118108217,0.029801809722680147,0.24024618089899988,0.20804484009231783
"(2020, 2030]",0.28108956075299485,0.044281232173417,0.0,0.035082715345122646,0.08870507701083856,0.02609811751283514,0.27017969195664576,0.25456360524814603
