year_mode,1,2,3,4,5,6,7,8
"(1670.0, 1680.0]",0.0,0.0,0.0,0.11357340720221606,0.19113573407202217,0.3074792243767313,0.0,0.3878116343490305
"(1680.0, 1690.0]",0.0,0.0,0.0,1.0,0.0,0.0,0.0,0.0
"(1690.0, 1700.0]",0.007755161068729889,0.005314725767381323,0.028074044614772767,0.0817093893488557,0.14570302613977368,0.22009110958458367,0.16273184135362811,0.34862070212227486
"(1700.0, 1710.0]",0.0,0.0,0.005952380952380952,0.047619047619047616,0.0,0.0,0.6071428571428571,0.3392857142857143
"(1710.0, 1720.0]",0.0340632603406326,0.0,0.043795620437956206,0.06934306569343066,0.20194647201946472,0.0,0.2737226277372263,0.3771289537712895
"(1720.0, 1730.0]",0.0,0.0,0.0,0.19402985074626866,0.32649253731343286,0.166044776119403,0.05970149253731343,0.2537313432835821
"(1730.0, 1740.0]",0.0,0.03389830508474576,0.0,0.3163841807909605,0.11864406779661017,0.0,0.4312617702448211,0.09981167608286252
"(1740.0, 1750.0]",0.008266281116419411,0.004557455368368117,0.033065124465677644,0.13970958008549159,0.15973095297963288,0.17846366607995978,0.1722403821976364,0.3039665577068142
"(1750.0, 1760.0]",0.049427679500520294,0.0,0.037460978147762745,0.1347554630593132,0.08949011446409989,0.19302809573361082,0.053069719042663895,0.4427679500520291
"(1760.0, 1770.0]",0.04050833995234313,0.0,0.0566587238549113,0.31321154355308445,0.2494042891183479,0.0,0.12284882181625628,0.21736828170505693
"(1770.0, 1780.0]",0.01446975354742345,0.006348020911127707,0.0351008215085885,0.15524645257654968,0.15113890963405527,0.0443427931292009,0.24971994025392083,0.3436333084391337
"(1780.0, 1790.0]",0.007575757575757576,0.0,0.010381593714927048,0.19837261503928172,0.21829405162738497,0.15404040404040403,0.19612794612794612,0.21520763187429853
"(1790.0, 1800.0]",0.007608500791657691,0.0027387891177573865,0.02057707401509799,0.11782969793476017,0.15241783256025562,0.15590986400962945,0.19924992128617636,0.3436683202846653
"(1800.0, 1810.0]",0.00411522633744856,0.01127876848041457,0.017375400091449476,0.1379362901996647,0.1262002743484225,0.021338210638622162,0.23487273281511964,0.4468830970888584
"(1810.0, 1820.0]",0.013585896208009648,0.0017026710652335852,0.03933879606966762,0.14341456493207053,0.21035082118406584,0.06679436699655919,0.24266609910964493,0.28214678443474867
"(1820.0, 1830.0]",0.007050061119481479,0.005912954487307047,0.04335219035165023,0.13594109787645337,0.199732779941439,0.06765784461437871,0.24245956164539328,0.29789350996389685
"(1830.0, 1840.0]",0.00624659524241874,0.0011984746686035954,0.05222444161975667,0.1528599963682586,0.1546032322498638,0.07728345741783185,0.2639549664063919,0.2916288360268749
"(1840.0, 1850.0]",0.010721817287720875,0.004078505599495257,0.02432788162922845,0.12572056470800314,0.16765481288844883,0.10241197810835279,0.22987952701529474,0.33520491276345593
"(1850.0, 1860.0]",0.015835125617451727,0.003237928671031174,0.03727163149062891,0.14081444541608565,0.14539954149039258,0.08562785091347404,0.2752239370376498,0.29658953936328614
"(1860.0, 1870.0]",0.012363412507053815,0.007913097009182784,0.031639562920022575,0.12731493356589546,0.16840019494177397,0.09965115682552711,0.25789385933411996,0.29482378289642436
"(1870.0, 1880.0]",0.006632304694655853,0.005770479790830516,0.02154145919030093,0.10042550002498044,0.11707079454427365,0.2690559062068047,0.18819008443386015,0.2913134711142938
"(1880.0, 1890.0]",0.012133818686080777,0.008892355694227768,0.020107470965505286,0.09797191887675508,0.1204194834460045,0.2016293985092737,0.25643959091697,0.2824059629051829
"(1890.0, 1900.0]",0.009848115893337705,0.007693438360033679,0.010754421627245528,0.05629391400120434,0.07129334163323338,0.25385095267092633,0.23475282847994647,0.35551298733407255
"(1900.0, 1910.0]",0.010984884739697989,0.00897491588317148,0.012420576780074067,0.04493347960212924,0.07210119052001501,0.13871730119346504,0.40225882214352504,0.30960882913792215
"(1910.0, 1920.0]",0.010934045424526948,0.015160651218881901,0.014069543744795705,0.03029833175409883,0.08090274786803342,0.12429436931116662,0.4618428230970224,0.2624974875814741
"(1920.0, 1930.0]",0.011339929867091059,0.011024976000674447,0.011172908877324673,0.026876063267550925,0.08192777217064455,0.0562781201708068,0.6211486749270476,0.18023155471885993
"(1930.0, 1940.0]",0.01791181730508141,0.009750220815660278,0.00567098310565132,0.029175756781303547,0.0641754290690162,0.043591976354778204,0.6379809177816688,0.1917428987868403
"(1940.0, 1950.0]",0.03131822251732915,0.019215485065242104,0.006730450004527208,0.057475427318182275,0.10328071710983008,0.028611957866779343,0.6160625358404008,0.13730520427770904
"(1950.0, 1960.0]",0.03236465183891154,0.009998692981309633,0.006683328498426796,0.03223952870818736,0.10977920947684186,0.027923179179511048,0.6294880949724411,0.15152331434437075
"(1960.0, 1970.0]",0.0492202006182241,0.01277040682536361,0.011154654030243714,0.10523119833233122,0.1955246296350253,0.005346552486802479,0.5095170488407635,0.11123530923124601
"(1970.0, 1980.0]",0.03194073238871543,0.012121164957655904,0.014161774823312873,0.24098939603424188,0.29560309100514737,0.0016131770364522671,0.3250017077137647,0.07856895604070958
"(1980.0, 1990.0]",0.031690921805537356,0.013438182367941063,0.01533296268919708,0.18517915385421133,0.29763996374981605,0.003679300373146196,0.36682404199728846,0.08621547316286247
"(1990.0, 2000.0]",0.035322847971114,0.013472986699072542,0.013118062563067608,0.1470350119776506,0.3068157070969866,0.009501493673705856,0.3830603936249973,0.09167349639340557
"(2000.0, 2010.0]",0.06264215848444676,0.02930319236289119,0.014793605912682263,0.2547337238204267,0.37834962478490286,0.0029683207230278698,0.20376095716145554,0.0534484167501668
"(2010.0, 2020.0]",0.07984823727030385,0.030505020215547803,0.010177657944290982,0.1720341847327507,0.4210475491030701,0.0022413718618888006,0.23730588118696141,0.04684009768518636
